15056643
6506658
45
828690874
3173
15
1858052
378057729
51978317
126
198856
8536288
595
866254872
1016936
28029850
64175454
94737241
109586896
694814
86790
102210169
952199
15
22013
47276055
2323928
64484389
120488
190901607
1718209
9
90
124896495
627
28
7349719
21664014
36615844
95824684
766208
0
3191578
64960803
32513925
287265297
222123525
113086512
2837793
48639990
59
26927088
949852
229822590
1823020
5436161
304617310
80335474
532085585
3632811
39819518
4
1190
807457
18846463
75826
689695
21033276
98505478
21
7358456
608354646
23008265
61
1972928
186828773
212657015
54610452
20
234448947
17
291977831
130
184533968
430391548
2032013
48604818
7495307
12844786
13520
219011
240572599
17238584
83
3
181854705
1899291
1680256
194817826
21848007
1367470
6
4370089
12419986
152727116
137831593
5796
287
37206219
60398
826
88340
245949156
2151057
33
3196229
214567208
429177
